338626
152767
146874
124386
119854
118243
111636
100279
100054
97801
97664
88746
81321
81058
80072
78523
76934
75008
67743
67648
63762
61818
60531
58828
56476
56393
51289
50213
48266
44656
44644
44017
43098
42889
40608
39259
38861
38623
38248
37673
36995
36539
35094
33909
33834
33607
32397
30696
30535
28754
28324
27544
25996
25366
23495
21404
21302
20886
19160
17962
17959
17276
16712
16673
16487
16023
15625
14302
13563
13403
12970
12912
12761
12531
12189
11807
11509
11413
11187
10853
10715
10607
10336
10335
10305
10157
10040
10028
9374





















